((("deck_type" .
   [2 0 0 1 0 0 0 1 1])
  ("deck" .
   [1 0 0 0])
  ("ptr" .
   [4 0 0])
  ("str" .
   [2 0 0])
  ("string" .
   [3 0 0 0 2 0])
  ("main" .
   [3 0 0 0])
  ("iostream" .
   [0 0 0 1 0 0 0 0])
  ("include" .
   [0 0 0 1 1 0 0])
  ("end" .
   [1 0 0])
  ("equation" .
   [0 0 1 1 0 0 0 0])
  ("array" .
   [4 0 1 2 0])
  ("return" .
   [0 0 0 1 0 1])
  ("std" .
   [17 0 0])
  ("myArray" .
   [3 0 3 9 0 0 0])
  ("cout" .
   [6 1 0 0])
  ("element" .
   [0 0 1 0 0 0 0])
  ("size" .
   [1 0 0 0])))
